1,0,0,-3672,278,-3624,2103
1,1,0,-1016,1676,1668,2122
1,1,0,-922,-832,4068,2141
1,1,0,-156,54,4014,2159
1,1,0,-118,-62,4080,2179
1,1,0,-262,-74,4134,2197
1,1,0,-224,-84,4036,2215
1,1,0,-190,-80,4114,2235
1,1,0,-196,-74,4078,2253
1,1,0,-194,-48,4090,2273
1,1,0,-206,-90,4106,2291
1,1,0,-196,-80,4072,2310
1,1,0,-200,-74,4110,2329
1,1,0,-202,-86,4108,2348
1,1,0,-196,-82,4060,2366
1,1,0,-206,-66,4104,2385
1,1,0,-202,-72,4100,2404
1,1,0,-198,-82,4084,2422
1,1,0,-192,-84,4116,2442
1,1,0,-188,-76,4116,2463
1,1,0,-184,-70,4090,2482
1,1,0,-202,-66,4102,2500
1,1,0,-200,-72,4104,2520
1,1,0,-198,-60,4110,2538
1,1,0,-188,-56,4088,2556
1,1,0,-206,-72,4088,2576
1,1,0,-206,-84,4108,2594
1,1,0,-204,-80,4084,2613
1,1,0,-216,-66,4098,2631
1,1,0,-212,-62,4076,2651
1,1,0,-202,-60,4082,2669
1,1,0,-202,-60,4106,2688
1,1,0,-176,-62,4112,2707
1,1,0,-182,-80,4102,2725
1,1,0,-186,-70,4090,2744
1,1,0,-198,-80,4096,2763
1,1,0,-208,-82,4076,2782
1,1,0,-204,-80,4096,2800
1,1,0,-198,-66,4102,2819
1,1,0,-182,-72,4082,2840
1,1,0,-210,-86,4084,2860
1,1,0,-210,-70,4074,2878
1,1,0,-198,-64,4088,2896
1,1,0,-204,-70,4116,2916
1,1,0,-202,-70,4074,2934
1,1,0,-196,-66,4072,2953
1,1,0,-190,-68,4084,2972
1,1,0,-196,-68,4112,2991
1,1,0,-206,-62,4098,3009
1,1,0,-192,-66,4114,3027
1,1,0,-206,-72,4100,3047
1,1,0,-202,-70,4110,3065
1,1,0,-198,-76,4088,3084
1,1,0,-188,-68,4086,3103
1,1,0,-196,-62,4114,3122
1,1,0,-190,-66,4080,3140
1,1,0,-208,-68,4096,3186
1,1,0,-202,-72,4104,3291
1,1,0,-210,-74,4098,3394
1,1,0,-206,-72,4112,3501
1,1,0,-202,-60,4096,3593
1,1,0,-194,-66,4108,3612
1,1,0,-186,-66,4080,3631
1,1,0,-192,-70,4078,3649
1,1,0,-190,-72,4096,3668
1,1,0,-196,-84,4080,3687
1,1,0,-190,-72,4100,3705
1,1,0,-202,-78,4078,3724
1,1,0,-198,-64,4106,3743
1,1,0,-204,-84,4104,3762
1,1,0,-208,-76,4102,3780
1,1,0,-186,-68,4108,3800
1,1,0,-190,-72,4084,3818
1,1,0,-202,-72,4116,3836
1,1,0,-194,-64,4108,3856
1,1,0,-190,-78,4120,3874
1,1,0,-184,-78,4076,3893
1,1,0,-202,-84,4108,3912
1,1,0,-196,-66,4074,3934
1,1,0,-204,-84,4096,3952
1,1,0,-218,-78,4100,3971
1,1,0,-178,-60,4096,3990
1,1,0,-208,-58,4112,4008
1,1,0,-208,-68,4094,4027
1,1,0,-194,-64,4084,4045
1,1,0,-190,-54,4076,4065
1,1,0,-202,-78,4086,4083
1,1,0,-200,-70,4102,4102
1,1,0,-186,-92,4076,4121
1,1,0,-204,-70,4080,4140
1,1,0,-212,-60,4106,4158
1,1,0,-186,-64,4096,4177
1,1,0,-202,-64,4068,4196
1,1,0,-182,-72,4078,4214
1,1,0,-198,-60,4080,4234
1,1,0,-176,-76,4086,4252
1,1,0,-186,-66,4072,4271
1,1,0,-178,-60,4074,4290
1,1,0,-210,-84,4110,4311
1,1,0,-196,-74,4082,4330
1,1,0,-198,-54,4100,4348
1,1,0,-190,-68,4082,4367
1,1,0,-204,-68,4082,4386
1,1,0,-204,-52,4084,4405
1,1,0,-180,-76,4094,4423
1,1,0,-200,-74,4078,4443
1,1,0,-192,-74,4098,4461
1,1,0,-214,-70,4092,4480
1,1,0,-204,-70,4058,4499
1,1,0,-204,-72,4096,4517
1,1,0,-208,-76,4084,4536
1,1,0,-212,-72,4082,4555
1,1,0,-218,-66,4082,4574
1,1,0,-196,-72,4110,4592
1,1,0,-200,-62,4080,4612
1,1,0,-206,-50,4098,4630
1,1,0,-198,-70,4074,4648
1,1,0,-188,-46,4096,4667
1,1,0,-182,-68,4106,4684
1,1,0,-210,-88,4082,4703
1,1,0,-202,-90,4082,4721
1,1,0,-204,-80,4084,4741
1,1,0,-198,-64,4090,4759
1,1,0,-204,-74,4108,4777
1,1,0,-194,-74,4082,4797
1,1,0,-208,-82,4114,4815
1,1,0,-200,-58,4090,4834
1,1,0,-190,-64,4084,4852
1,1,0,-194,-68,4098,4872
1,1,0,-204,-78,4110,4890
1,1,0,-196,-68,4112,4909
1,1,0,-196,-68,4108,4928
1,1,0,-184,-86,4116,4946
1,1,0,-202,-62,4090,4965
1,1,0,-198,-82,4110,4984
1,1,0,-210,-70,4094,5003
1,1,0,-198,-88,4082,5021
1,1,0,-214,-78,4102,5043
1,1,0,-188,-64,4094,5062
1,1,0,-200,-72,4092,5081
1,1,0,-188,-72,4088,5099
1,1,0,-202,-80,4092,5117
1,1,0,-202,-58,4090,5137
1,1,0,-206,-88,4094,5155
1,1,0,-204,-78,4096,5174
1,1,0,-202,-72,4084,5193
1,1,0,-198,-68,4076,5212
1,1,0,-192,-74,4100,5230
1,1,0,-208,-72,4098,5250
1,1,0,-212,-80,4096,5268
1,1,0,-204,-66,4096,5286
1,1,0,-202,-74,4082,5306
1,1,0,-208,-72,4090,5324
1,1,0,-194,-82,4098,5343
1,1,0,-222,-70,4088,5362
1,1,0,-200,-56,4092,5381
1,1,0,-196,-74,4090,5399
1,1,0,-204,-68,4120,5421
1,1,0,-196,-70,4082,5439
1,1,0,-208,-82,4100,5458
1,1,0,-208,-80,4070,5477
1,1,0,-192,-70,4090,5495
1,1,0,-200,-74,4082,5515
1,1,0,-208,-72,4096,5533
1,1,0,-210,-72,4096,5552
1,1,0,-200,-58,4084,5571
1,1,0,-196,-66,4124,5590
1,1,0,-186,-74,4094,5608
1,1,0,-196,-88,4082,5627
1,1,0,-212,-78,4122,5646
1,1,0,-210,-66,4080,5664
1,1,0,-204,-80,4084,5684
1,1,0,-204,-74,4076,5702
1,1,0,-206,-68,4096,5721
1,1,0,-194,-82,4088,5739
1,1,0,-206,-66,4128,5758
1,1,0,-206,-76,4092,5777
1,1,0,-206,-68,4118,5798
1,1,0,-196,-80,4102,5817
1,1,0,-204,-54,4060,5836
1,1,0,-188,-62,4062,5855
1,1,0,-184,-76,4098,5873
1,1,0,-198,-52,4092,5893
1,1,0,-196,-80,4104,5911
1,1,0,-194,-66,4074,5929
1,1,0,-210,-78,4086,5949
1,1,0,-196,-68,4088,5967
1,1,0,-196,-70,4110,5986
1,1,0,-198,-76,4090,6004
1,1,0,-214,-76,4080,6024
1,1,0,-206,-76,4086,6042
1,1,0,-194,-68,4098,6061
1,1,0,-210,-58,4078,6080
1,1,0,-212,-84,4080,6098
1,1,0,-212,-68,4094,6117
1,1,0,-178,-50,4076,6136
1,1,0,-184,-130,4094,6158
1,1,0,-188,-100,4108,6176
1,1,0,-196,-86,4066,6195
1,1,0,-220,-96,4048,6214
1,1,0,-208,-88,4090,6233
1,1,0,-188,-80,4046,6251
1,1,0,-208,-86,4066,6270
1,1,0,-194,-42,4076,6289
1,1,0,-216,-66,4110,6307
1,1,0,-216,-60,4080,6326
1,1,0,-206,-58,4080,6345
1,1,0,-196,-56,4124,6364
1,1,0,-212,-64,4078,6382
1,1,0,-210,-78,4088,6402
1,1,0,-224,-66,4096,6420
1,1,0,-202,-66,4112,6438
1,1,0,-210,-68,4086,6458
1,1,0,-208,-66,4114,6476
1,1,0,-206,-72,4124,6495
1,1,0,-194,-62,4078,6514
1,1,0,-206,-78,4080,6535
1,1,0,-190,-64,4078,6554
1,1,0,-202,-58,4078,6573
1,1,0,-188,-80,4102,6591
1,1,0,-176,-64,4108,6610
1,1,0,-214,-58,4098,6629
1,1,0,-212,-68,4120,6647
1,1,0,-194,-52,4114,6667
1,1,0,-196,-68,4088,6685
1,1,0,-218,-72,4112,6704
1,1,0,-198,-74,4074,6723
1,1,0,-224,-68,4110,6742
1,1,0,-196,-62,4102,6760
1,1,0,-200,-70,4102,6778
1,1,0,-190,-76,4090,6798
1,1,0,-194,-72,4102,6816
1,1,0,-188,-94,4088,6835
1,1,0,-204,-66,4110,6854
1,1,0,-208,-78,4078,6873
1,1,0,-198,-76,4092,6891
1,1,0,-206,-64,4098,6913
1,1,0,-214,-78,4070,6932
1,1,0,-196,-74,4096,6950
1,1,0,-196,-62,4078,6969
1,1,0,-208,-78,4096,6987
1,1,0,-200,-70,4104,7007
1,1,0,-196,-66,4106,7025
1,1,0,-198,-60,4092,7044
1,1,0,-206,-74,4110,7063
1,1,0,-192,-80,4112,7081
1,1,0,-196,-66,4104,7100
1,1,0,-206,-68,4120,7119
1,1,0,-206,-80,4084,7138
1,1,0,-192,-70,4094,7156
1,1,0,-212,-66,4114,7176
1,1,0,-216,-84,4090,7194
1,1,0,-206,-72,4110,7213
1,1,0,-196,-66,4108,7231
1,1,0,-192,-66,4116,7250
1,1,0,-190,-66,4114,7269
1,1,0,-200,-76,4064,7290
1,1,0,-198,-68,4076,7309
1,1,0,-198,-80,4092,7328
1,1,0,-194,-76,4088,7347
1,1,0,-190,-66,4102,7365
1,1,0,-200,-58,4098,7385
1,1,0,-194,-72,4108,7403
1,1,0,-202,-74,4114,7421
1,1,0,-198,-70,4090,7440
1,1,0,-222,-74,4092,7459
1,1,0,-210,-72,4090,7478
1,1,0,-200,-76,4120,7496
1,1,0,-198,-72,4098,7516
1,1,0,-200,-68,4090,7534
1,1,0,-214,-74,4060,7553
1,1,0,-208,-70,4086,7572
1,1,0,-204,-74,4106,7590
1,1,0,-198,-64,4082,7609
1,1,0,-206,-76,4074,7628
1,1,0,-202,-60,4106,7649
1,1,0,-196,-64,4080,7668
1,1,0,-190,-60,4094,7687
1,1,0,-198,-78,4098,7705
1,1,0,-194,-66,4084,7725
1,1,0,-204,-72,4096,7743
1,1,0,-190,-62,4092,7761
1,1,0,-204,-70,4078,7781
1,1,0,-200,-88,4108,7799
1,1,0,-190,-86,4072,7818
1,1,0,-198,-78,4114,7837
1,1,0,-194,-62,4088,7856
1,1,0,-194,-68,4070,7874
1,1,0,-218,-84,4082,7892
1,1,0,-210,-64,4076,7912
1,1,0,-204,-74,4084,7930
1,1,0,-200,-84,4108,7949
1,1,0,-196,-70,4112,7968
1,1,0,-206,-78,4106,7987
1,1,0,-188,-82,4070,8005
1,1,0,-180,-70,4114,8027
1,1,0,-226,-68,4108,8046
1,1,0,-208,-58,4112,8065
1,1,0,-204,-72,4096,8083
1,1,0,-204,-62,4066,8101
1,1,0,-198,-52,4102,8121
1,1,0,-200,-80,4090,8139
1,1,0,-208,-82,4090,8158
1,1,0,-222,-86,4090,8177
1,1,0,-210,-62,4100,8196
1,1,0,-206,-70,4096,8214
1,1,0,-206,-72,4106,8233
1,1,0,-200,-66,4084,8252
1,1,0,-198,-66,4106,8270
1,1,0,-192,-64,4102,8290
1,1,0,-182,-72,4082,8308
1,1,0,-196,-70,4084,8327
1,1,0,-194,-62,4082,8345
1,1,0,-210,-72,4080,8365
1,1,0,-206,-68,4082,8383
1,1,0,-186,-68,4156,8404
1,1,0,-200,-92,4094,8423
1,1,0,-196,-82,4092,8442
1,1,0,-188,-74,4098,8461
1,1,0,-206,-58,4102,8479
1,1,0,-210,-68,4114,8498
1,1,0,-200,-64,4050,8517
1,1,0,-194,-70,4110,8536
1,1,0,-194,-64,4084,8554
1,1,0,-200,-64,4096,8573
1,1,0,-196,-70,4096,8592
1,1,0,-204,-80,4078,8610
1,1,0,-200,-74,4122,8630
1,1,0,-188,-68,4082,8648
1,1,0,-194,-68,4090,8667
1,1,0,-204,-64,4096,8685
1,1,0,-214,-76,4102,8705
1,1,0,-198,-68,4082,8723
1,1,0,-212,-76,4106,8741
1,1,0,-206,-74,4094,8763
1,1,0,-200,-82,4098,8782
1,1,0,-202,-80,4104,8801
1,1,0,-222,-76,4096,8819
1,1,0,-194,-76,4096,8838
1,1,0,-206,-82,4086,8857
1,1,0,-198,-76,4118,8876
1,1,0,-200,-76,4116,8894
1,1,0,-214,-80,4104,8913
1,1,0,-198,-80,4086,8932
1,1,0,-198,-76,4094,8950
1,1,0,-206,-70,4124,8970
1,1,0,-202,-70,4100,8988
1,1,0,-208,-76,4100,9007
1,1,0,-204,-52,4108,9025
1,1,0,-202,-68,4096,9044
1,1,0,-184,-82,4072,9063
1,1,0,-208,-70,4118,9081
1,1,0,-208,-80,4096,9101
1,1,0,-206,-66,4100,9119
1,1,0,-216,-72,4110,9141
1,1,0,-204,-70,4098,9159
1,1,0,-194,-68,4068,9179
1,1,0,-194,-70,4086,9197
1,1,0,-176,-66,4082,9216
1,1,0,-210,-56,4076,9234
1,1,0,-196,-70,4096,9253
1,1,0,-196,-58,4100,9272
1,1,0,-198,-76,4078,9290
1,1,0,-202,-70,4082,9310
1,1,0,-206,-78,4090,9328
1,1,0,-196,-78,4076,9347
1,1,0,-198,-62,4098,9366
1,1,0,-200,-88,4080,9384
1,1,0,-198,-72,4084,9403
1,1,0,-188,-66,4104,9422
1,1,0,-202,-76,4102,9441
1,1,0,-210,-70,4102,9459
1,1,0,-190,-68,4124,9478
1,1,0,-194,-54,4110,9497
1,1,0,-194,-70,4086,9519
1,1,0,-200,-72,4092,9537
1,1,0,-196,-82,4096,9555
1,1,0,-194,-72,4080,9575
1,1,0,-180,-70,4062,9593
1,1,0,-208,-88,4066,9612
1,1,0,-184,-68,4078,9631
1,1,0,-200,-96,4098,9650
1,1,0,-200,-82,4082,9668
1,1,0,-204,-56,4102,9687
1,1,0,-198,-80,4096,9706
1,1,0,-204,-64,4082,9724
1,1,0,-208,-68,4064,9743
1,1,0,-200,-62,4088,9762
1,1,0,-188,-80,4094,9781
1,1,0,-190,-84,4070,9799
1,1,0,-204,-68,4108,9819
1,1,0,-204,-72,4080,9837
1,1,0,-196,-78,4086,9856
1,1,0,-198,-84,4076,9877
1,1,0,-182,-60,4108,9895
1,1,0,-202,-78,4116,9915
1,1,0,-204,-68,4058,9933
1,1,0,-212,-76,4094,9952
1,1,0,-200,-72,4090,9971
1,1,0,-206,-72,4078,9990
1,1,0,-202,-68,4090,10008
1,1,0,-220,-64,4084,10028
1,1,0,-204,-76,4076,10046
1,1,0,-196,-64,4088,10064
1,1,0,-196,-88,4096,10084
1,1,0,-198,-66,4084,10102
1,1,0,-202,-74,4088,10121
1,1,0,-198,-68,4082,10140
1,1,0,-210,-70,4098,10159
1,1,0,-216,-62,4082,10177
1,1,0,-202,-72,4090,10196
1,1,0,-212,-78,4092,10215
1,1,0,-188,-76,4092,10233
1,1,0,-194,-70,4116,10255
1,1,0,-184,-78,4100,10274
1,1,0,-196,-76,4084,10293
1,1,0,-196,-62,4102,10311
1,1,0,-182,-60,4076,10331
1,1,0,-188,-60,4108,10349
1,1,0,-198,-80,4078,10369
1,1,0,-202,-74,4106,10387
1,1,0,-192,-52,4102,10405
1,1,0,-186,-58,4086,10425
1,1,0,-218,-78,4102,10443
1,1,0,-202,-66,4092,10462
1,1,0,-194,-62,4108,10481
1,1,0,-188,-66,4108,10500
1,1,0,-192,-60,4096,10518
1,1,0,-208,-60,4110,10537
1,1,0,-200,-78,4090,10556
1,1,0,-190,-66,4090,10574
1,1,0,-198,-80,4078,10594
1,1,0,-196,-78,4094,10615
1,1,0,-210,-78,4094,10634
1,1,0,-192,-86,4100,10652
1,1,0,-208,-90,4098,10672
1,1,0,-190,-64,4110,10690
1,1,0,-200,-76,4096,10708
1,1,0,-198,-84,4094,10728
1,1,0,-200,-94,4084,10746
1,1,0,-186,-68,4080,10765
1,1,0,-192,-76,4112,10784
1,1,0,-204,-82,4078,10803
1,1,0,-188,-76,4104,10821
1,1,0,-198,-72,4090,10841
1,1,0,-192,-68,4118,10859
1,1,0,-192,-74,4092,10877
1,1,0,-194,-66,4080,10897
1,1,0,-220,-64,4096,10915
1,1,0,-210,-62,4108,10934
1,1,0,-206,-74,4096,10953
1,1,0,-196,-68,4088,10975
1,1,0,-198,-82,4078,10993
1,1,0,-206,-70,4100,11012
1,1,0,-206,-68,4098,11031
1,1,0,-192,-86,4096,11049
1,1,0,-186,-52,4116,11068
1,1,0,-202,-74,4106,11087
1,1,0,-212,-72,4094,11106
1,1,0,-202,-92,4100,11124
1,1,0,-194,-84,4088,11144
1,1,0,-192,-80,4078,11162
1,1,0,-216,-70,4116,11181
1,1,0,-208,-78,4088,11200
1,1,0,-200,-72,4074,11218
1,1,0,-198,-58,4096,11237
1,1,0,-212,-66,4094,11256
1,1,0,-196,-72,4100,11275
1,1,0,-198,-68,4098,11294
1,1,0,-190,-74,4098,11315
1,1,0,-216,-68,4094,11334
1,1,0,-200,-68,4092,11353
1,1,0,-192,-76,4098,11371
1,1,0,-212,-64,4118,11390
1,1,0,-196,-72,4150,11409
1,1,0,-198,-66,4096,11428
1,1,0,-192,-76,4108,11447
1,1,0,-202,-72,4092,11465
1,1,0,-208,-68,4102,11485
1,1,0,-200,-66,4094,11503
1,1,0,-188,-74,4108,11522
1,1,0,-198,-60,4094,11541
1,1,0,-210,-66,4094,11559
1,1,0,-208,-78,4098,11578
1,1,0,-196,-60,4120,11597
1,1,0,-216,-76,4124,11616
1,1,0,-196,-60,4104,11634
1,1,0,-226,-82,4114,11654
1,1,0,-198,-86,4118,11675
1,1,0,-210,-66,4098,11694
1,1,0,-200,-68,4104,11712
1,1,0,-204,-66,4082,11731
1,1,0,-206,-72,4094,11750
1,1,0,-204,-60,4112,11768
1,1,0,-206,-74,4102,11788
1,1,0,-206,-74,4102,11806
1,1,0,-202,-66,4094,11825
1,1,0,-192,-74,4082,11844
1,1,0,-192,-80,4070,11863
1,1,0,-192,-74,4078,11881
1,1,0,-192,-74,4102,11900
1,1,0,-194,-74,4086,11919
1,1,0,-198,-80,4082,11937
1,1,0,-190,-64,4102,11957
1,1,0,-192,-60,4072,11975
1,1,0,-208,-76,4074,11994
1,1,0,-192,-74,4092,12013
1,1,0,-214,-54,4076,12035
1,1,0,-208,-70,4096,12053
1,1,0,-198,-66,4106,12071
1,1,0,-192,-86,4110,12091
1,1,0,-202,-66,4098,12109
1,1,0,-190,-82,4088,12128
1,1,0,-188,-64,4102,12147
1,1,0,-192,-72,4068,12166
1,1,0,-194,-72,4106,12184
1,1,0,-196,-74,4084,12204
1,1,0,-184,-68,4094,12222
1,1,0,-194,-74,4092,12240
1,1,0,-196,-80,4094,12260
1,1,0,-202,-78,4070,12278
1,1,0,-206,-70,4080,12297
1,1,0,-198,-82,4076,12316
1,1,0,-212,-62,4102,12335
1,1,0,-212,-74,4072,12353
1,1,0,-198,-88,4078,12372
1,1,0,-200,-80,4106,12394
1,1,0,-198,-60,4108,12412
1,1,0,-192,-84,4094,12431
1,1,0,-198,-66,4084,12450
1,1,0,-196,-60,4098,12469
1,1,0,-190,-70,4116,12487
1,1,0,-212,-68,4076,12507
1,1,0,-204,-70,4086,12525
1,1,0,-194,-70,4096,12544
1,1,0,-200,-60,4098,12563
1,1,0,-206,-78,4084,12581
1,1,0,-192,-66,4102,12600
1,1,0,-204,-54,4108,12619
1,1,0,-194,-74,4122,12638
1,1,0,-192,-68,4100,12656
1,1,0,-184,-72,4088,12676
1,1,0,-188,-74,4078,12694
1,1,0,-194,-72,4094,12712
1,1,0,-192,-62,4098,12732
1,1,0,-200,-62,4090,12753
1,1,0,-212,-76,4090,12772
1,1,0,-204,-66,4102,12790
1,1,0,-208,-62,4100,12810
1,1,0,-210,-70,4074,12828
1,1,0,-196,-74,4088,12847
1,1,0,-210,-68,4096,12866
1,1,0,-204,-68,4104,12884
1,1,0,-218,-78,4104,12903
1,1,0,-192,-74,4092,12922
1,1,0,-216,-76,4110,12941
1,1,0,-196,-74,4086,12959
1,1,0,-198,-74,4090,12979
1,1,0,-216,-88,4094,12997
1,1,0,-200,-68,4086,13016
1,1,0,-206,-52,4102,13035
1,1,0,-194,-70,4094,13053
1,1,0,-208,-64,4118,13072
1,1,0,-190,-68,4098,13091
1,1,0,-204,-68,4098,13113
1,1,0,-196,-66,4086,13131
1,1,0,-200,-84,4088,13150
1,1,0,-190,-86,4086,13169
1,1,0,-196,-70,4086,13188
1,1,0,-204,-72,4104,13206
1,1,0,-196,-72,4088,13225
1,1,0,-192,-60,4094,13244
1,1,0,-198,-84,4088,13262
1,1,0,-200,-66,4080,13282
1,1,0,-196,-68,4092,13300
1,1,0,-210,-76,4096,13319
1,1,0,-194,-82,4138,13338
1,1,0,-220,-76,4116,13357
1,1,0,-198,-78,4078,13375
1,1,0,-204,-70,4086,13394
1,1,0,-206,-76,4090,13413
1,1,0,-190,-78,4096,13431
1,1,0,-214,-80,4062,13451
1,1,0,-198,-62,4096,13472
1,1,0,-200,-48,4102,13491
1,1,0,-188,-68,4086,13509
1,1,0,-196,-78,4086,13529
1,1,0,-202,-62,4086,13547
1,1,0,-204,-68,4074,13565
1,1,0,-206,-60,4116,13585
1,1,0,-198,-58,4100,13603
1,1,0,-224,-52,4086,13622
1,1,0,-198,-74,4066,13641
1,1,0,-218,-76,4080,13660
1,1,0,-198,-82,4078,13678
1,1,0,-204,-72,4090,13698
1,1,0,-204,-60,4086,13716
1,1,0,-198,-80,4070,13734
1,1,0,-192,-90,4074,13754
1,1,0,-194,-76,4096,13772
1,1,0,-192,-68,4094,13791
1,1,0,-202,-66,4086,13810
1,1,0,-202,-70,4106,13832
1,1,0,-214,-52,4116,13850
1,1,0,-188,-76,4092,13869
1,1,0,-208,-68,4098,13888
1,1,0,-202,-68,4090,13906
1,1,0,-194,-74,4112,13925
1,1,0,-192,-78,4102,13944
1,1,0,-214,-82,4112,13963
1,1,0,-210,-78,4100,13981
1,1,0,-200,-80,4110,14000
1,1,0,-208,-72,4104,14019
1,1,0,-192,-80,4110,14038
1,1,0,-196,-64,4112,14056
1,1,0,-198,-72,4098,14075
1,1,0,-198,-70,4116,14094
1,1,0,-210,-80,4122,14112
1,1,0,-218,-72,4094,14132
1,1,0,-206,-72,4110,14150
1,1,0,-198,-62,4106,14169
1,1,0,-206,-58,4096,14190
1,1,0,-210,-76,4088,14209
1,1,0,-202,-76,4080,14228
1,1,0,-196,-62,4086,14246
1,1,0,-192,-78,4076,14265
1,1,0,-190,-72,4102,14284
1,1,0,-188,-60,4094,14303
1,1,0,-192,-74,4108,14322
1,1,0,-206,-74,4112,14341
1,1,0,-202,-80,4080,14359
1,1,0,-202,-78,4086,14379
1,1,0,-204,-78,4088,14397
1,1,0,-192,-78,4106,14416
1,1,0,-196,-82,4082,14435
1,1,0,-180,-58,4084,14453
1,1,0,-192,-80,4100,14473
1,1,0,-190,-80,4076,14491
1,1,0,-190,-72,4078,14510
1,1,0,-196,-68,4098,14529
1,1,0,-204,-74,4078,14551
1,1,0,-202,-70,4088,14569
1,1,0,-188,-74,4088,14588
1,1,0,-198,-78,4082,14607
1,1,0,-196,-66,4088,14625
1,1,0,-200,-58,4074,14645
1,1,0,-194,-60,4098,14663
1,1,0,-206,-66,4088,14682
1,1,0,-192,-80,4094,14701
1,1,0,-200,-60,4106,14720
1,1,0,-210,-66,4096,14738
1,1,0,-194,-56,4088,14757
1,1,0,-188,-70,4086,14776
1,1,0,-194,-66,4096,14794
1,1,0,-178,-64,4094,14814
1,1,0,-194,-56,4112,14832
1,1,0,-192,-64,4092,14851
1,1,0,-224,-60,4100,14870
1,1,0,-206,-72,4074,14888
1,1,0,-188,-66,4104,14910
1,1,0,-206,-82,4080,14928
1,1,0,-204,-70,4094,14948
1,1,0,-214,-74,4082,14966
1,1,0,-204,-80,4078,14985
1,1,0,-212,-70,4080,15004
1,1,0,-212,-76,4110,15023
1,1,0,-194,-76,4096,15042
1,1,0,-218,-82,4106,15060
1,1,0,-204,-78,4120,15079
1,1,0,-198,-68,4102,15098
1,1,0,-194,-76,4092,15117
1,1,0,-196,-86,4090,15135
1,1,0,-216,-76,4102,15155
1,1,0,-184,-62,4118,15173
1,1,0,-196,-66,4088,15192
1,1,0,-198,-66,4076,15211
1,1,0,-194,-78,4122,15229
1,1,0,-202,-52,4116,15248
1,1,0,-194,-72,4082,15269
1,1,0,-194,-76,4076,15289
1,1,0,-192,-72,4086,15307
1,1,0,-180,-68,4114,15326
1,1,0,-202,-76,4074,15345
1,1,0,-188,-84,4074,15364
1,1,0,-178,-68,4100,15382
1,1,0,-212,-70,4114,15401
1,1,0,-186,-84,4086,15420
1,1,0,-198,-78,4104,15438
1,1,0,-190,-66,4084,15458
1,1,0,-206,-82,4084,15476
1,1,0,-194,-76,4112,15495
1,1,0,-206,-74,4094,15514
1,1,0,-218,-70,4080,15533
1,1,0,-204,-66,4098,15551
1,1,0,-202,-72,4104,15570
1,1,0,-208,-70,4086,15589
1,1,0,-196,-68,4088,15608
1,1,0,-202,-78,4096,15629
1,1,0,-200,-60,4096,15648
1,1,0,-208,-68,4088,15667
1,1,0,-194,-72,4074,15686
1,1,0,-204,-76,4096,15705
1,1,0,-190,-44,4114,15723
1,1,0,-200,-76,4084,15742
1,1,0,-196,-66,4136,15761
1,1,0,-194,-74,4088,15779
1,1,0,-200,-76,4100,15799
1,1,0,-202,-66,4120,15817
1,1,0,-218,-70,4104,15836
1,1,0,-212,-72,4084,15855
1,1,0,-204,-76,4086,15874
1,1,0,-210,-62,4078,15892
1,1,0,-196,-54,4094,15911
1,1,0,-212,-68,4090,15930
1,1,0,-202,-54,4080,15948
1,1,0,-200,-64,4090,15968
1,1,0,-200,-64,4090,15989
1,1,0,-182,-72,4114,16008
1,1,0,-194,-72,4088,16026
1,1,0,-198,-62,4098,16046
1,1,0,-196,-66,4102,16064
1,1,0,-194,-70,4094,16082
1,1,0,-198,-94,4100,16102
1,1,0,-194,-72,4098,16120
1,1,0,-196,-76,4100,16139
1,1,0,-204,-82,4096,16158
1,1,0,-188,-72,4078,16177
1,1,0,-198,-62,4118,16195
1,1,0,-198,-80,4118,16215
1,1,0,-206,-64,4116,16233
1,1,0,-210,-60,4116,16252
1,1,0,-208,-70,4080,16271
1,1,0,-192,-64,4084,16289
1,1,0,-192,-76,4096,16309
1,1,0,-194,-62,4102,16327
1,1,0,-204,-64,4108,16349
1,1,0,-196,-72,4078,16367
1,1,0,-190,-64,4106,16387
1,1,0,-196,-80,4088,16405
1,1,0,-192,-80,4088,16423
1,1,0,-198,-86,4074,16443
1,1,0,-182,-78,4080,16461
1,1,0,-218,-74,4088,16480
1,1,0,-202,-76,4100,16499
1,1,0,-190,-76,4084,16518
1,1,0,-172,-72,4094,16536
1,1,0,-192,-76,4092,16556
1,1,0,-204,-66,4086,16574
1,1,0,-196,-70,4074,16592
1,1,0,-198,-68,4096,16612
1,1,0,-196,-74,4084,16630
1,1,0,-214,-72,4118,16649
1,1,0,-212,-84,4084,16668
1,1,0,-190,-80,4074,16687
1,1,0,-202,-60,4090,16708
1,1,0,-192,-66,4098,16727
1,1,0,-194,-82,4080,16746
1,1,0,-198,-70,4090,16764
1,1,0,-220,-62,4096,16783
1,1,0,-198,-72,4084,16802
1,1,0,-204,-62,4098,16821
1,1,0,-200,-70,4078,16839
1,1,0,-202,-78,4090,16859
1,1,0,-206,-74,4120,16877
1,1,0,-202,-68,4070,16897
1,1,0,-194,-66,4070,16915
1,1,0,-188,-74,4110,16933
1,1,0,-196,-48,4072,16953
1,1,0,-186,-84,4066,16971
1,1,0,-210,-52,4100,16990
1,1,0,-204,-72,4092,17009
1,1,0,-200,-78,4082,17028
1,1,0,-198,-70,4088,17046
1,1,0,-206,-62,4080,17068
1,1,0,-214,-70,4072,17087
1,1,0,-206,-82,4094,17105
1,1,0,-216,-72,4110,17124
1,1,0,-196,-76,4100,17143
1,1,0,-212,-56,4088,17162
1,1,0,-196,-62,4092,17180
1,1,0,-212,-78,4084,17200
1,1,0,-196,-84,4106,17218
1,1,0,-220,-68,4098,17236
1,1,0,-222,-78,4092,17256
1,1,0,-204,-74,4110,17274
1,1,0,-222,-68,4094,17293
1,1,0,-198,-58,4110,17312
1,1,0,-196,-74,4092,17331
1,1,0,-210,-68,4102,17349
1,1,0,-198,-76,4094,17369
1,1,0,-210,-68,4122,17387
1,1,0,-208,-70,4122,17405
1,1,0,-194,-78,4106,17427
1,1,0,-212,-78,4074,17446
1,1,0,-196,-56,4088,17465
1,1,0,-196,-60,4096,17483
1,1,0,-192,-58,4084,17503
1,1,0,-192,-78,4082,17521
1,1,0,-200,-82,4080,17540
1,1,0,-204,-68,4100,17559
1,1,0,-186,-72,4114,17577
1,1,0,-204,-46,4088,17596
1,1,0,-208,-76,4084,17615
1,1,0,-202,-76,4098,17634
1,1,0,-202,-66,4084,17652
1,1,0,-208,-74,4086,17672
1,1,0,-212,-70,4096,17690
1,1,0,-188,-62,4056,17709
1,1,0,-186,-72,4100,17728
1,1,0,-182,-64,4080,17746
1,1,0,-200,-78,4092,17765
1,1,0,-204,-80,4082,17786
1,1,0,-200,-78,4092,17806
1,1,0,-202,-72,4090,17824
1,1,0,-208,-64,4102,17843
1,1,0,-206,-72,4100,17862
1,1,0,-216,-52,4088,17881
1,1,0,-202,-66,4078,17899
1,1,0,-198,-84,4116,17918
1,1,0,-216,-80,4094,17937
1,1,0,-210,-72,4112,17956
1,1,0,-212,-88,4110,17975
1,1,0,-208,-76,4082,17993
1,1,0,-206,-72,4110,18013
1,1,0,-204,-76,4100,18031
1,1,0,-196,-66,4102,18050
1,1,0,-186,-78,4076,18069
1,1,0,-216,-74,4074,18087
1,1,0,-224,-70,4112,18106
1,1,0,-222,-74,4102,18125
1,1,0,-202,-94,4098,18142
1,1,0,-210,-64,4106,18160
1,1,0,-208,-80,4074,18179
1,1,0,-206,-90,4118,18198
1,1,0,-232,-72,4098,18216
1,1,0,-206,-72,4104,18235
1,1,0,-210,-74,4102,18254
1,1,0,-202,-76,4094,18273
1,1,0,-200,-70,4102,18291
1,1,0,-196,-78,4104,18311
1,1,0,-236,-74,4098,18329
1,1,0,-194,-82,4100,18349
1,1,0,-218,-70,4100,18367
1,1,0,-208,-66,4082,18385
1,1,0,-202,-74,4102,18405
1,1,0,-210,-72,4106,18423
1,1,0,-206,-66,4106,18442
1,1,0,-210,-66,4086,18461
1,1,0,-204,-68,4082,18480
1,1,0,-204,-76,4072,18501
1,1,0,-196,-82,4072,18520
1,1,0,-192,-82,4084,18539
1,1,0,-200,-78,4078,18557
1,1,0,-192,-50,4088,18576
1,1,0,-198,-66,4092,18595
1,1,0,-204,-66,4094,18614
1,1,0,-192,-70,4080,18632
1,1,0,-202,-60,4106,18652
1,1,0,-202,-70,4104,18670
1,1,0,-216,-82,4086,18689
1,1,0,-192,-72,4086,18708
1,1,0,-204,-76,4100,18726
1,1,0,-208,-82,4096,18745
1,1,0,-200,-72,4090,18764
1,1,0,-200,-78,4080,18783
1,1,0,-226,-82,4108,18801
1,1,0,-196,-68,4082,18821
1,1,0,-202,-70,4080,18839
1,1,0,-200,-66,4086,18861
1,1,0,-194,-64,4080,18879
1,1,0,-186,-68,4088,18898
1,1,0,-218,-62,4090,18917
1,1,0,-198,-70,4086,18935
1,1,0,-204,-58,4086,18955
1,1,0,-194,-60,4134,18973
1,1,0,-216,-70,4096,18992
1,1,0,-200,-58,4106,19011
1,1,0,-202,-74,4108,19030
1,1,0,-194,-74,4092,19048
1,1,0,-210,-66,4102,19067
1,1,0,-194,-54,4112,19086
1,1,0,-208,-62,4090,19104
1,1,0,-186,-80,4092,19124
1,1,0,-198,-62,4104,19142
1,1,0,-204,-66,4096,19161
1,1,0,-206,-70,4068,19180
1,1,0,-198,-66,4070,19198
1,1,0,-190,-86,4098,19220
1,1,0,-196,-78,4064,19238
1,1,0,-184,-80,4092,19258
1,1,0,-190,-70,4102,19276
1,1,0,-190,-86,4084,19295
1,1,0,-206,-66,4076,19314
1,1,0,-204,-94,4112,19333
1,1,0,-200,-70,4120,19351
1,1,0,-220,-62,4092,19371
1,1,0,-194,-70,4108,19389
1,1,0,-180,-62,4084,19407
1,1,0,-192,-62,4102,19427
1,1,0,-194,-60,4104,19445
1,1,0,-204,-94,4108,19465
1,1,0,-190,-70,4096,19483
1,1,0,-198,-64,4092,19502
1,1,0,-198,-76,4094,19521
1,1,0,-192,-66,4092,19539
1,1,0,-196,-70,4118,19558
1,1,0,-198,-68,4086,19579
1,1,0,-194,-66,4098,19599
1,1,0,-206,-64,4104,19617
1,1,0,-194,-76,4084,19781
1,1,0,-198,-78,4076,19800
1,1,0,-216,-78,4114,19819
1,1,0,-206,-86,4092,19837
1,1,0,-186,-72,4096,19856
1,1,0,-198,-68,4096,19875
1,1,0,-204,-76,4080,19894
1,1,0,-212,-74,4082,19912
1,1,0,-184,-66,4084,19932
1,1,0,-194,-70,4082,19950
1,1,0,-208,-56,4082,19969
1,1,0,-212,-74,4096,19988
1,1,0,-208,-56,4094,20006
1,1,0,-190,-76,4082,20025
1,1,0,-192,-70,4102,20044
1,1,0,-212,-80,4090,20063
1,1,0,-210,-70,4124,20084
1,1,0,-196,-58,4092,20103
1,1,0,-204,-68,4092,20122
1,1,0,-188,-58,4098,20141
1,1,0,-198,-74,4100,20159
1,1,0,-210,-74,4082,20178
1,1,0,-200,-76,4092,20197
1,1,0,-194,-72,4098,20215
1,1,0,-222,-70,4094,20235
1,1,0,-194,-80,4116,20253
1,1,0,-208,-74,4082,20272
1,1,0,-208,-64,4104,20291
1,1,0,-202,-76,4096,20310
1,1,0,-194,-72,4082,20328
1,1,0,-208,-82,4086,20347
1,1,0,-202,-50,4084,20366
1,1,0,-196,-88,4084,20384
1,1,0,-198,-68,4102,20404
1,1,0,-196,-80,4116,20422
1,1,0,-190,-72,4118,20444
1,1,0,-194,-60,4082,20462
1,1,0,-210,-62,4092,20482
1,1,0,-188,-58,4102,20500
1,1,0,-194,-58,4104,20518
1,1,0,-190,-54,4104,20538
1,1,0,-194,-58,4076,20556
1,1,0,-192,-72,4104,20576
1,1,0,-198,-84,4086,20594
1,1,0,-202,-68,4086,20614
1,1,0,-196,-80,4098,20632
1,1,0,-192,-56,4112,20651
1,1,0,-204,-72,4088,20670
1,1,0,-202,-80,4082,20690
1,1,0,-210,-72,4082,20710
1,1,0,-200,-56,4094,20728
1,1,0,-188,-82,4080,20748
1,1,0,-200,-82,4082,20768
1,1,0,-186,-86,4084,20787
1,1,0,-202,-70,4092,20808
1,1,0,-202,-70,4102,20827
1,1,0,-202,-66,4120,20846
1,1,0,-196,-70,4108,20865
1,1,0,-200,-74,4102,20883
1,1,0,-190,-52,4114,20902
1,1,0,-212,-62,4116,20921
1,1,0,-220,-74,4094,20939
1,1,0,-214,-52,4098,20959
1,1,0,-200,-66,4086,20977
1,1,0,-196,-64,4088,20996
1,1,0,-196,-68,4090,21015
1,1,0,-202,-62,4110,21033
1,1,0,-198,-64,4086,21052
1,1,0,-196,-70,4076,21071
1,1,0,-190,-64,4116,21090
1,1,0,-208,-60,4094,21108
1,1,0,-200,-70,4096,21128
1,1,0,-188,-68,4078,21148
1,1,0,-196,-74,4100,21168
1,1,0,-204,-74,4084,21186
1,1,0,-188,-74,4110,21204
1,1,0,-206,-76,4098,21224
1,1,0,-202,-68,4092,21242
1,1,0,-200,-68,4070,21261
1,1,0,-194,-78,4104,21280
1,1,0,-188,-62,4096,21299
1,1,0,-200,-68,4088,21317
1,1,0,-208,-74,4104,21337
1,1,0,-212,-76,4106,21355
1,1,0,-202,-80,4124,21373
1,1,0,-218,-60,4126,21393
1,1,0,-210,-54,4078,21411
1,1,0,-182,-64,4094,21430
1,1,0,-184,-66,4098,21449
1,1,0,-182,-62,4108,21468
1,1,0,-196,-60,4082,21486
1,1,0,-192,-72,4102,21508
1,1,0,-196,-80,4092,21527
1,1,0,-198,-76,4092,21545
1,1,0,-220,-76,4100,21564
1,1,0,-202,-68,4072,21583
1,1,0,-200,-88,4096,21602
1,1,0,-202,-74,4100,21620
1,1,0,-190,-82,4076,21640
1,1,0,-204,-72,4088,21658
1,1,0,-198,-76,4124,21677
1,1,0,-208,-78,4094,21696
1,1,0,-210,-64,4086,21714
1,1,0,-196,-72,4094,21733
1,1,0,-214,-78,4076,21752
1,1,0,-204,-76,4086,21771
1,1,0,-206,-76,4108,21789
1,1,0,-202,-78,4064,21809
1,1,0,-202,-82,4090,21827
1,1,0,-190,-68,4100,21846
1,1,0,-204,-64,4080,21867
1,1,0,-216,-60,4078,21886
1,1,0,-202,-74,4104,21905
1,1,0,-204,-78,4090,21923
1,1,0,-204,-56,4100,21943
1,1,0,-190,-80,4098,21961
1,1,0,-200,-88,4104,21980
1,1,0,-204,-62,4084,21999
1,1,0,-208,-62,4112,22018
1,1,0,-190,-70,4078,22036
1,1,0,-204,-76,4072,22055
1,1,0,-192,-58,4084,22074
1,1,0,-180,-70,4112,22092
1,1,0,-188,-54,4088,22112
1,1,0,-196,-90,4088,22130
1,1,0,-198,-68,4084,22150
1,1,0,-218,-60,4112,22168
1,1,0,-194,-60,4098,22187
1,1,0,-180,-64,4100,22206
1,1,0,-206,-68,4096,22227
1,1,0,-208,-70,4094,22246
1,1,0,-192,-70,4116,22265
1,1,0,-200,-76,4066,22286
1,1,0,-188,-76,4092,22304
1,1,0,-200,-68,4066,22323
1,1,0,-210,-74,4084,22342
1,1,0,-194,-64,4092,22363
1,1,0,-194,-78,4104,22382
1,1,0,-188,-84,4078,22401
1,1,0,-194,-78,4106,22420
1,1,0,-180,-70,4098,22438
1,1,0,-216,-68,4086,22458
1,1,0,-202,-66,4104,22476
1,1,0,-202,-80,4092,22495
1,1,0,-198,-62,4116,22514
1,1,0,-186,-66,4086,22533
1,1,0,-212,-66,4088,22552
1,1,0,-194,-74,4094,22571
1,1,0,-208,-70,4090,22592
1,1,0,-186,-76,4084,22611
1,1,0,-212,-68,4080,22630
1,1,0,-196,-78,4082,22648
1,1,0,-208,-72,4106,22668
1,1,0,-220,-76,4112,22686
1,1,0,-200,-80,4080,22706
1,1,0,-190,-66,4092,22726
1,1,0,-206,-64,4106,22745
1,1,0,-202,-74,4098,22763
1,1,0,-202,-82,4118,22782
1,1,0,-176,-80,4102,22801
1,1,0,-210,-70,4108,22819
1,1,0,-202,-64,4080,22839
1,1,0,-194,-64,4082,22857
1,1,0,-190,-56,4108,22876
1,1,0,-188,-78,4102,22895
1,1,0,-180,-94,4120,22914
1,1,0,-192,-70,4082,22932
1,1,0,-198,-72,4106,22953
1,1,0,-204,-68,4092,22973
1,1,0,-202,-74,4100,22991
1,1,0,-206,-68,4098,23010
1,1,0,-196,-68,4100,23029
1,1,0,-206,-76,4094,23048
1,1,0,-210,-76,4082,23066
1,1,0,-204,-58,4094,23086
1,1,0,-216,-66,4084,23104
1,1,0,-184,-70,4090,23122
1,1,0,-206,-62,4102,23142
1,1,0,-202,-70,4094,23160
1,1,0,-196,-72,4080,23179
1,1,0,-198,-74,4104,23198
1,1,0,-198,-60,4090,23217
1,1,0,-192,-60,4102,23235
1,1,0,-200,-68,4114,23255
1,1,0,-200,-54,4110,23273
1,1,0,-192,-74,4092,23291
1,1,0,-210,-64,4122,23313
1,1,0,-210,-70,4070,23332
1,1,0,-202,-78,4094,23351
1,1,0,-220,-78,4070,23369
1,1,0,-204,-72,4080,23389
1,1,0,-202,-74,4096,23407
1,1,0,-202,-76,4090,23426
1,1,0,-220,-70,4084,23445
1,1,0,-202,-64,4096,23463
1,1,0,-208,-66,4084,23482
1,1,0,-192,-62,4094,23501
1,1,0,-194,-70,4108,23520
1,1,0,-194,-72,4102,23538
1,1,0,-208,-66,4082,23558
1,1,0,-204,-72,4096,23576
1,1,0,-208,-82,4098,23595
1,1,0,-210,-62,4076,23614
1,1,0,-198,-64,4080,23632
1,1,0,-192,-76,4062,23651
1,1,0,-200,-70,4096,23672
1,1,0,-204,-74,4062,23691
1,1,0,-198,-74,4084,23710
1,1,0,-208,-80,4078,23729
1,1,0,-214,-66,4090,23747
1,1,0,-190,-66,4106,23767
1,1,0,-216,-68,4120,23785
1,1,0,-206,-88,4090,23803
1,1,0,-196,-68,4110,23823
1,1,0,-214,-70,4104,23841
1,1,0,-210,-68,4076,23860
1,1,0,-220,-80,4082,23879
1,1,0,-218,-70,4110,23898
1,1,0,-232,-76,4112,23916
1,1,0,-186,-88,4078,23936
1,1,0,-216,-74,4106,23954
1,1,0,-202,-74,4086,23972
1,1,0,-216,-74,4088,23992
1,1,0,-184,-78,4094,24010
1,1,0,-198,-86,4078,24032
1,1,0,-196,-74,4118,24050
1,1,0,-190,-74,4082,24070
1,1,0,-194,-90,4086,24088
1,1,0,-216,-78,4092,24107
1,1,0,-200,-88,4088,24126
1,1,0,-212,-78,4078,24144
1,1,0,-212,-68,4070,24163
1,1,0,-196,-80,4076,24182
1,1,0,-208,-78,4120,24201
1,1,0,-202,-72,4100,24219
1,1,0,-208,-78,4082,24239
1,1,0,-212,-76,4088,24257
1,1,0,-204,-82,4094,24275
1,1,0,-208,-78,4098,24295
1,1,0,-208,-64,4096,24313
1,1,0,-220,-76,4092,24332
1,1,0,-202,-58,4116,24351
1,1,0,-202,-80,4110,24370
1,1,0,-196,-72,4102,24391
1,1,0,-192,-68,4076,24410
1,1,0,-196,-76,4086,24429
1,1,0,-194,-76,4096,24448
1,1,0,-200,-72,4088,24466
1,1,0,-194,-80,4088,24485
1,1,0,-210,-72,4090,24504
1,1,0,-188,-72,4080,24522
1,1,0,-208,-84,4080,24541
1,1,0,-198,-74,4084,24560
1,1,0,-200,-58,4088,24579
1,1,0,-204,-66,4114,24597
1,1,0,-206,-72,4098,24616
1,1,0,-214,-86,4096,24635
1,1,0,-206,-70,4106,24653
1,1,0,-210,-80,4098,24673
1,1,0,-202,-76,4108,24691
1,1,0,-220,-80,4092,24710
1,1,0,-206,-72,4076,24729
1,1,0,-212,-70,4106,24751
1,1,0,-204,-76,4084,24769
1,1,0,-198,-68,4098,24787
1,1,0,-200,-84,4110,24807
1,1,0,-196,-76,4114,24825
1,1,0,-216,-62,4088,24844
1,1,0,-194,-68,4080,24863
1,1,0,-194,-76,4082,24882
1,1,0,-200,-74,4102,24900
1,1,0,-222,-74,4098,24920
1,1,0,-214,-86,4088,24938
1,1,0,-192,-62,4084,24956
1,1,0,-196,-80,4086,24976
1,1,0,-202,-74,4094,24994
1,1,0,-198,-70,4076,25013
1,1,0,-198,-72,4094,25032
1,1,0,-194,-78,4084,25051
1,1,0,-206,-72,4088,25069
1,1,0,-216,-68,4118,25089
1,1,0,-218,-74,4094,25110
1,1,0,-202,-72,4118,25128
1,1,0,-218,-72,4078,25147
1,1,0,-206,-68,4110,25166
1,1,0,-206,-76,4092,25185
1,1,0,-210,-72,4108,25203
1,1,0,-186,-62,4110,25223
1,1,0,-210,-56,4106,25241
1,1,0,-190,-58,4084,25260
1,1,0,-192,-70,4112,25279
1,1,0,-210,-66,4118,25297
1,1,0,-206,-56,4112,25316
1,1,0,-194,-86,4098,25335
1,1,0,-210,-88,4094,25354
1,1,0,-196,-56,4080,25373
1,1,0,-194,-60,4094,25392
1,1,0,-204,-66,4094,25410
1,1,0,-208,-72,4082,25430
1,1,0,-198,-60,4098,25448
1,1,0,-202,-84,4088,25469
1,1,0,-206,-78,4088,25488
1,1,0,-190,-74,4108,25507
1,1,0,-204,-68,4098,25526
1,1,0,-192,-80,4078,25544
1,1,0,-206,-72,4102,25564
1,1,0,-196,-68,4096,25582
1,1,0,-202,-82,4086,25601
1,1,0,-194,-76,4098,25619
1,1,0,-226,-64,4080,25638
1,1,0,-198,-60,4104,25657
1,1,0,-204,-62,4080,25675
1,1,0,-180,-78,4098,25695
1,1,0,-194,-76,4100,25713
1,1,0,-206,-74,4082,25732
1,1,0,-200,-70,4100,25751
1,1,0,-218,-64,4074,25769
1,1,0,-196,-80,4102,25788
1,1,0,-210,-74,4102,25806
1,1,0,-206,-80,4110,25836
1,1,0,-202,-96,4106,25857
1,1,0,-206,-76,4100,25878
1,1,0,-178,-74,4092,25900
1,1,0,-196,-68,4078,25920
1,1,0,-208,-78,4104,25942
1,1,0,-202,-78,4084,25962
1,1,0,-208,-68,4094,25984
1,1,0,-194,-58,4096,26004
1,1,0,-190,-58,4086,26025
1,1,0,-206,-74,4098,26046
1,1,0,-208,-64,4072,26067
1,1,0,-196,-72,4080,26088
1,1,0,-206,-72,4104,26109
1,1,0,-202,-80,4098,26130
1,1,0,-204,-66,4084,26151
1,1,0,-198,-70,4092,26173
1,1,0,-198,-62,4090,26193
1,1,0,-202,-56,4100,26215
1,1,0,-182,-72,4104,26238
1,1,0,-220,-84,4084,26259
1,1,0,-198,-74,4108,26280
1,1,0,-196,-74,4090,26301
1,1,0,-208,-78,4088,26322
1,1,0,-202,-60,4092,26343
1,1,0,-194,-74,4088,26364
1,1,0,-196,-68,4104,26385
1,1,0,-212,-70,4106,26406
1,1,0,-190,-60,4072,26427
1,1,0,-194,-68,4092,26448
1,1,0,-218,-70,4090,26469
1,1,0,-192,-78,4100,26490
1,1,0,-188,-72,4122,26511
1,1,0,-206,-84,4076,26532
1,1,0,-198,-60,4084,26553
1,1,0,-194,-50,4104,26574
1,1,0,-202,-60,4070,26595
1,1,0,-198,-82,4102,26616
1,1,0,-190,-82,4120,26640
1,1,0,-196,-76,4082,26660
1,1,0,-184,-76,4084,26682
1,1,0,-200,-64,4112,26702
1,1,0,-200,-62,4096,26724
1,1,0,-190,-76,4102,26744
1,1,0,-198,-54,4108,26766
1,1,0,-212,-58,4102,26786
1,1,0,-188,-68,4102,26808
1,1,0,-216,-66,4096,26828
1,1,0,-192,-72,4108,26850
1,1,0,-218,-88,4090,26870
1,1,0,-188,-80,4108,26892
1,1,0,-210,-62,4110,26912
1,1,0,-180,-82,4098,26934
1,1,0,-212,-64,4066,26954
1,1,0,-196,-62,4090,26976
1,1,0,-210,-64,4084,26996
1,1,0,-200,-80,4104,27018
1,1,0,-186,-74,4100,27041
1,1,0,-210,-66,4084,27062
1,1,0,-184,-76,4100,27083
1,1,0,-198,-88,4086,27105
1,1,0,-184,-70,4096,27125
1,1,0,-192,-80,4094,27147
1,1,0,-194,-66,4084,27167
1,1,0,-202,-74,4084,27189
1,1,0,-202,-66,4112,27209
1,1,0,-204,-68,4080,27231
1,1,0,-200,-64,4084,27251
1,1,0,-204,-64,4088,27273
1,1,0,-202,-70,4096,27293
1,1,0,-214,-68,4116,27315
1,1,0,-186,-66,4078,27335
1,1,0,-196,-68,4076,27357
1,1,0,-204,-80,4100,27377
1,1,0,-216,-78,4078,27399
1,1,0,-184,-84,4082,27419
1,1,0,-202,-64,4116,27443
1,1,0,-208,-64,4086,27464
1,1,0,-198,-66,4094,27485
1,1,0,-212,-76,4100,27506
1,1,0,-196,-66,4088,27527
1,1,0,-202,-76,4108,27548
1,1,0,-202,-72,4084,27569
1,1,0,-204,-76,4098,27590
1,1,0,-192,-82,4088,27611
1,1,0,-204,-68,4104,27632
1,1,0,-198,-78,4090,27653
1,1,0,-200,-76,4086,27674
1,1,0,-188,-84,4084,27695
1,1,0,-194,-80,4114,27716
1,1,0,-198,-52,4104,27737
1,1,0,-194,-80,4104,27758
1,1,0,-194,-68,4102,27779
1,1,0,-202,-72,4084,27800
1,1,0,-208,-80,4104,27821
1,1,0,-222,-82,4094,27844
1,1,0,-194,-66,4108,27866
1,1,0,-200,-70,4072,27886
1,1,0,-212,-62,4104,27908
1,1,0,-198,-62,4106,27928
1,1,0,-208,-74,4090,27950
1,1,0,-206,-62,4066,27970
1,1,0,-226,-56,4106,27992
1,1,0,-224,-80,4100,28012
1,1,0,-188,-62,4098,28034
1,1,0,-222,-56,4108,28054
1,1,0,-206,-98,4118,28076
1,1,0,-204,-66,4088,28096
1,1,0,-194,-66,4104,28118
1,1,0,-202,-70,4090,28138
1,1,0,-198,-82,4090,28160
1,1,0,-204,-66,4100,28181
1,1,0,-202,-68,4074,28201
1,1,0,-214,-88,4096,28223
1,1,0,-218,-78,4110,28241
1,1,0,-214,-72,4092,28263
1,1,0,-208,-68,4104,28283
1,1,0,-202,-80,4076,28305
1,1,0,-210,-70,4090,28325
1,1,0,-178,-70,4098,28347
1,1,0,-198,-60,4098,28367
1,1,0,-174,-76,4090,28389
1,1,0,-198,-58,4088,28409
1,1,0,-200,-56,4090,28431
1,1,0,-208,-68,4076,28451
1,1,0,-196,-54,4094,28473
1,1,0,-198,-68,4110,28493
1,1,0,-194,-72,4112,28515
1,1,0,-206,-80,4092,28535
1,1,0,-206,-60,4108,28557
1,1,0,-202,-86,4094,28577
1,1,0,-202,-90,4136,28599
1,1,0,-192,-82,4092,28619
1,1,0,-228,-68,4096,28643
1,1,0,-204,-70,4060,28664
1,1,0,-198,-68,4092,28685
1,1,0,-190,-72,4096,28706
1,1,0,-200,-48,4090,28728
1,1,0,-184,-66,4078,28748
1,1,0,-198,-72,4114,28770
1,1,0,-202,-68,4066,28790
1,1,0,-218,-62,4098,28812
1,1,0,-210,-60,4080,28833
1,1,0,-204,-64,4094,28854
1,1,0,-202,-76,4080,28875
1,1,0,-192,-72,4092,28896
1,1,0,-220,-72,4084,28917
1,1,0,-196,-68,4096,28938
1,1,0,-204,-74,4086,28959
1,1,0,-190,-56,4086,28981
1,1,0,-210,-74,4078,29002
1,1,0,-196,-72,4076,29023
1,1,0,-190,-66,4096,29046
1,1,0,-190,-72,4112,29068
1,1,0,-214,-84,4084,29088
1,1,0,-206,-78,4100,29110
1,1,0,-208,-62,4102,29131
1,1,0,-192,-68,4090,29152
1,1,0,-200,-82,4094,29173
1,1,0,-206,-62,4080,29194
1,1,0,-200,-76,4110,29215
1,1,0,-198,-64,4090,29236
1,1,0,-204,-66,4096,29257
1,1,0,-206,-92,4068,29280
1,1,0,-186,-76,4092,29300
1,1,0,-198,-78,4102,29322
1,1,0,-184,-66,4102,29342
1,1,0,-200,-62,4092,29364
1,1,0,-208,-74,4110,29384
1,1,0,-202,-62,4082,29407
1,1,0,-202,-54,4088,29430
1,1,0,-200,-80,4088,29454
1,1,0,-198,-66,4084,29474
1,1,0,-196,-58,4086,29496
1,1,0,-204,-68,4108,29516
1,1,0,-214,-86,4100,29538
1,1,0,-210,-68,4082,29559
1,1,0,-202,-76,4100,29581
1,1,0,-192,-60,4100,29601
1,1,0,-204,-64,4096,29623
1,1,0,-210,-86,4076,29643
1,1,0,-206,-70,4094,29664
1,1,0,-202,-96,4100,29685
1,1,0,-196,-84,4084,29708
1,1,0,-200,-62,4090,29729
1,1,0,-198,-86,4098,29750
1,1,0,-196,-70,4068,29771
1,1,0,-196,-70,4086,29792
1,1,0,-196,-70,4092,29813
1,1,0,-192,-70,4092,29834
1,1,0,-186,-68,4080,29858
1,1,0,-194,-78,4100,29880
1,1,0,-196,-76,4066,29900
1,1,0,-202,-78,4096,29922
1,1,0,-194,-68,4104,29942
1,1,0,-216,-78,4090,29964
1,1,0,-196,-70,4098,29985
1,1,0,-214,-80,4090,30007
1,1,0,-198,-84,4100,30027
1,1,0,-192,-62,4112,30049
1,1,0,-196,-82,4096,30069
1,1,0,-196,-68,4072,30091
1,1,0,-184,-78,4100,30111
1,1,0,-208,-74,4072,30133
1,1,0,-208,-70,4092,30154
1,1,0,-212,-62,4116,30175
1,1,0,-206,-82,4100,30196
1,1,0,-208,-70,4090,30217
1,1,0,-194,-92,4110,30238
1,1,0,-216,-74,4106,30262
1,1,0,-200,-74,4084,30285
1,1,0,-198,-68,4098,30306
1,1,0,-204,-70,4096,30327
1,1,0,-192,-70,4076,30348
1,1,0,-202,-68,4112,30369
1,1,0,-210,-74,4102,30390
1,1,0,-196,-56,4108,30411
1,1,0,-204,-70,4096,30433
1,1,0,-216,-66,4096,30453
1,1,0,-198,-62,4098,30475
1,1,0,-214,-62,4116,30495
1,1,0,-192,-72,4092,30517
1,1,0,-180,-62,4112,30537
1,1,0,-212,-58,4092,30559
1,1,0,-188,-74,4074,30581
1,1,0,-210,-70,4106,30603
1,1,0,-206,-74,4088,30623
1,1,0,-200,-64,4102,30645
1,1,0,-194,-88,4086,30668
1,1,0,-192,-68,4098,30689
1,1,0,-182,-66,4096,30710
1,1,0,-196,-60,4094,30731
1,1,0,-198,-68,4114,30752
1,1,0,-194,-50,4106,30773
1,1,0,-190,-68,4094,30794
1,1,0,-204,-80,4090,30815
1,1,0,-192,-78,4078,30836
1,1,0,-202,-80,4092,30860
1,1,0,-198,-74,4108,30880
1,1,0,-204,-72,4080,30902
1,1,0,-198,-78,4116,30922
1,1,0,-204,-66,4094,30944
1,1,0,-210,-64,4098,30964
1,1,0,-224,-62,4090,30986
1,1,0,-206,-76,4102,31010
1,1,0,-196,-80,4090,31032
1,1,0,-200,-60,4082,31052
1,1,0,-196,-72,4080,31077
1,1,0,-190,-68,4090,31097
1,1,0,-196,-70,4116,31119
1,1,0,-204,-74,4104,31139
1,1,0,-186,-58,4096,31161
1,1,0,-200,-76,4114,31181
1,1,0,-190,-80,4126,31203
2,1,0,-192,-64,4078,31254
2,1,0,-1318,6596,-8192,31376
2,1,0,-1756,8191,8191,31498
2,1,0,7666,-8192,-8192,31619
2,1,0,-4248,8191,8191,31739
2,1,0,-1928,2894,5212,31861
2,1,0,732,1162,-8192,31982
2,1,0,-586,3492,554,32104
2,1,0,1120,7748,8191,32225
2,1,0,2440,-7696,-8192,32346
2,1,0,492,690,8191,32467
2,1,0,-1804,-412,3976,32591
2,1,0,-80,8191,-8192,32712
2,1,0,-740,464,2674,32834
2,1,0,482,1214,-662,32955
2,1,0,-5202,8191,8191,33076
2,1,0,162,-8192,-8192,33198
2,1,0,-1712,6000,-8192,33318
2,1,0,1950,-5018,-8192,33440
2,1,0,1820,1854,-8192,33561
2,1,0,1586,578,-8192,33683
2,1,0,-3040,-6740,6130,33804
2,1,0,-1252,6856,3158,33925
2,1,0,1832,-2040,-868,34046
2,1,0,1742,4570,1736,34167
2,1,0,-2066,8191,8191,34289
2,1,0,988,2226,-8192,34410
2,1,0,-146,8191,8191,34531
2,1,0,-3004,8191,8191,34653
2,1,0,84,650,4246,34777
2,1,0,2768,6590,8191,34897
2,1,0,80,6182,3362,35019
2,1,0,-1228,3002,3048,35140
2,1,0,2796,2336,8191,35261
2,1,0,-3206,8191,8191,35383
2,1,0,482,5810,8191,35504
3,1,0,822,-3118,3260,35655
3,1,0,-194,-72,4084,36006
1,1,0,-184,-66,4120,36358
1,1,0,-192,-58,4064,36379
1,1,0,-208,-64,4108,36400
1,1,0,-184,-62,4068,36421
1,1,0,-200,-78,4096,36442
1,1,0,-216,-74,4098,36463
1,1,0,-204,-64,4076,36485
1,1,0,-196,-60,4090,36505
1,1,0,-202,-74,4078,36527
1,1,0,-196,-70,4080,36547
1,1,0,-194,-76,4064,36571
1,1,0,-190,-68,4084,36592
1,1,0,-196,-66,4086,36613
1,1,0,-204,-64,4114,36634
1,1,0,-190,-60,4102,36655
1,1,0,-192,-76,4084,36676
1,1,0,-206,-70,4086,36697
1,1,0,-192,-60,4100,36718
1,1,0,-208,-66,4118,36739
1,1,0,-198,-76,4098,36760
1,1,0,-204,-86,4090,36781
1,1,0,-202,-68,4086,36802
1,1,0,-196,-66,4088,36823
1,1,0,-198,-84,4074,36844
1,1,0,-180,-50,4074,36865
1,1,0,-204,-56,4108,36886
1,1,0,-200,-56,4100,36907
1,1,0,-196,-68,4096,36928
1,1,0,-198,-76,4088,36948
1,1,0,-198,-78,4110,36972
1,1,0,-192,-72,4112,36994
1,1,0,-206,-70,4096,37014
1,1,0,-184,-60,4080,37036
1,1,0,-202,-58,4068,37056
1,1,0,-214,-68,4080,37078
1,1,0,-202,-70,4088,37098
1,1,0,-210,-66,4114,37120
1,1,0,-200,-68,4092,37140
1,1,0,-206,-72,4072,37161
1,1,0,-208,-70,4084,37182
1,1,0,-210,-78,4094,37203
1,1,0,-202,-76,4086,37224
1,1,0,-198,-74,4108,37245
1,1,0,-196,-58,4078,37266
1,1,0,-208,-64,4100,37287
1,1,0,-198,-80,4062,37308
1,1,0,-198,-68,4080,37329
1,1,0,-194,-68,4098,37353
1,1,0,-190,-70,4094,37374
1,1,0,-216,-64,4046,37395
1,1,0,-190,-82,4094,37416
1,1,0,-200,-62,4092,37437
1,1,0,-188,-70,4110,37458
1,1,0,-210,-58,4108,37479
1,1,0,-204,-74,4088,37500
1,1,0,-210,-74,4086,37521
1,1,0,-200,-60,4106,37542
1,1,0,-194,-62,4076,37563
1,1,0,-200,-76,4082,37584
1,1,0,-226,-74,4094,37605
1,1,0,-208,-74,4078,37626
1,1,0,-214,-66,4110,37647
1,1,0,-208,-58,4106,37668
1,1,0,-194,-66,4102,37689
1,1,0,-194,-76,4094,37710
1,1,0,-192,-68,4080,37731
1,1,0,-188,-66,4108,37754
1,1,0,-202,-72,4078,37776
1,1,0,-210,-74,4094,37796
1,1,0,-176,-72,4096,37818
1,1,0,-196,-64,4098,37838
1,1,0,-196,-68,4076,37860
1,1,0,-216,-74,4102,37880
1,1,0,-198,-76,4096,37902
1,1,0,-212,-84,4104,37922
1,1,0,-202,-74,4090,37944
1,1,0,-212,-90,4074,37964
1,1,0,-194,-78,4098,37986
1,1,0,-198,-72,4090,38006
1,1,0,-198,-56,4102,38028
1,1,0,-204,-54,4112,38048
1,1,0,-196,-64,4076,38070
1,1,0,-202,-68,4096,38090
1,1,0,-196,-92,4104,38112
1,1,0,-194,-78,4100,38132
1,1,0,-194,-68,4072,38156
1,1,0,-202,-70,4080,38177
1,1,0,-208,-74,4108,38198
1,1,0,-216,-46,4126,38219
1,1,0,-192,-60,4084,38240
1,1,0,-194,-58,4092,38261
1,1,0,-194,-80,4098,38282
1,1,0,-210,-68,4078,38303
1,1,0,-206,-66,4106,38324
1,1,0,-220,-78,4098,38345
1,1,0,-214,-80,4096,38366
1,1,0,-190,-72,4086,38387
1,1,0,-196,-64,4086,38408
1,1,0,-190,-74,4114,38429
1,1,0,-200,-82,4070,38450
1,1,0,-202,-74,4084,38471
1,1,0,-194,-88,4096,38492
1,1,0,-194,-58,4088,38513
1,1,0,-194,-88,4116,38534
1,1,0,-188,-74,4096,38557
1,1,0,-206,-64,4084,38579
1,1,0,-208,-66,4090,38599
1,1,0,-210,-62,4090,38621
1,1,0,-212,-68,4084,38641
1,1,0,-186,-72,4074,38663
1,1,0,-198,-80,4082,38683
1,1,0,-202,-72,4084,38705
1,1,0,-184,-86,4092,38725
1,1,0,-190,-64,4076,38747
1,1,0,-208,-66,4096,38767
1,1,0,-192,-70,4082,38789
1,1,0,-198,-74,4108,38809
1,1,0,-204,-62,4104,38831
1,1,0,-214,-64,4116,38851
1,1,0,-206,-56,4076,38873
1,1,0,-190,-66,4108,38893
1,1,0,-212,-70,4096,38915
1,1,0,-208,-76,4080,38935
1,1,0,-186,-82,4080,38959
1,1,0,-208,-68,4100,38980
1,1,0,-208,-70,4116,39001
1,1,0,-204,-86,4112,39022
1,1,0,-196,-78,4090,39043
1,1,0,-198,-72,4092,39064
1,1,0,-218,-80,4106,39085
1,1,0,-186,-80,4090,39106
1,1,0,-188,-72,4076,39127
1,1,0,-192,-82,4100,39148
1,1,0,-220,-76,4074,39169
1,1,0,-188,-74,4080,39190
1,1,0,-200,-68,4116,39211
1,1,0,-208,-68,4092,39232
1,1,0,-202,-82,4100,39252
1,1,0,-212,-72,4080,39274
1,1,0,-198,-72,4086,39294
1,1,0,-202,-80,4108,39316
1,1,0,-206,-82,4094,39336
1,1,0,-196,-76,4086,39361
1,1,0,-196,-66,4106,39382
1,1,0,-212,-78,4102,39403
1,1,0,-196,-72,4090,39424
1,1,0,-216,-66,4102,39445
1,1,0,-202,-86,4090,39465
1,1,0,-192,-100,4090,39487
1,1,0,-194,-76,4064,39507
1,1,0,-190,-60,4110,39529
1,1,0,-196,-64,4104,39549
1,1,0,-182,-68,4078,39571
1,1,0,-192,-72,4092,39591
1,1,0,-202,-90,4086,39613
1,1,0,-218,-66,4082,39633
1,1,0,-196,-70,4108,39655
1,1,0,-198,-74,4080,39675
1,1,0,-220,-86,4084,39697
1,1,0,-198,-64,4104,39717
1,1,0,-190,-68,4082,39739
1,1,0,-200,-68,4092,39762
1,1,0,-196,-74,4098,39783
1,1,0,-194,-88,4076,39804
1,1,0,-192,-74,4098,39825
1,1,0,-192,-72,4092,39846
1,1,0,-188,-86,4092,39867
1,1,0,-196,-58,4070,39888
1,1,0,-196,-60,4092,39909
1,1,0,-202,-56,4114,39930
1,1,0,-198,-70,4108,39951
1,1,0,-200,-50,4096,39972
1,1,0,-190,-72,4086,39993
1,1,0,-200,-62,4082,40014
1,1,0,-190,-70,4082,40035
1,1,0,-202,-76,4110,40056
1,1,0,-194,-70,4094,40077
1,1,0,-212,-74,4080,40098
1,1,0,-204,-72,4084,40119
1,1,0,-230,-66,4090,40140
1,1,0,-220,-72,4084,40164
1,1,0,-198,-64,4080,40184
1,1,0,-186,-62,4078,40206
1,1,0,-200,-56,4140,40226
1,1,0,-212,-74,4084,40248
1,1,0,-222,-60,4088,40268
1,1,0,-210,-78,4082,40290
1,1,0,-206,-76,4100,40310
1,1,0,-204,-80,4074,40332
1,1,0,-214,-82,4106,40352
1,1,0,-216,-64,4086,40374
1,1,0,-196,-74,4054,40394
1,1,0,-208,-80,4080,40416
1,1,0,-200,-80,4116,40436
1,1,0,-198,-78,4122,40458
1,1,0,-194,-68,4116,40478
1,1,0,-194,-62,4096,40500
1,1,0,-186,-58,4106,40520
1,1,0,-204,-72,4100,40542
1,1,0,-190,-58,4110,40565
1,1,0,-192,-64,4078,40586
1,1,0,-202,-64,4084,40607
1,1,0,-218,-68,4110,40628
1,1,0,-194,-66,4088,40649
1,1,0,-190,-56,4104,40670
1,1,0,-200,-66,4120,40691
1,1,0,-194,-76,4092,40712
1,1,0,-212,-70,4104,40733
1,1,0,-202,-76,4078,40754
1,1,0,-202,-68,4104,40775
1,1,0,-208,-70,4118,40796
1,1,0,-196,-78,4108,40817
1,1,0,-196,-74,4102,40838
1,1,0,-200,-66,4084,40859
1,1,0,-206,-66,4090,40880
1,1,0,-226,-62,4094,40901
1,1,0,-212,-82,4106,40922
1,1,0,-206,-84,4080,40943
1,1,0,-204,-68,4084,40967
1,1,0,-220,-78,4086,40987
1,1,0,-216,-56,4110,41009
1,1,0,-222,-84,4068,41029
1,1,0,-196,-74,4072,41051
1,1,0,-206,-88,4098,41071
1,1,0,-214,-82,4114,41093
1,1,0,-200,-60,4114,41113
1,1,0,-204,-90,4092,41135
1,1,0,-212,-86,4112,41155
1,1,0,-204,-56,4086,41177
1,1,0,-206,-58,4100,41197
1,1,0,-198,-60,4096,41219
1,1,0,-188,-66,4092,41239
1,1,0,-210,-62,4090,41261
1,1,0,-208,-64,4084,41281
1,1,0,-208,-64,4064,41303
1,1,0,-202,-74,4094,41323
1,1,0,-200,-74,4092,41345
1,1,0,-196,-72,4082,41368
1,1,0,-212,-84,4078,41390
1,1,0,-214,-66,4094,41410
1,1,0,-198,-78,4086,41432
1,1,0,-210,-78,4090,41452
1,1,0,-208,-60,4100,41474
1,1,0,-192,-84,4094,41494
1,1,0,-184,-70,4088,41516
1,1,0,-196,-78,4096,41536
1,1,0,-216,-66,4068,41558
1,1,0,-206,-56,4094,41578
1,1,0,-200,-76,4076,41600
1,1,0,-206,-72,4102,41620
1,1,0,-200,-82,4088,41641
1,1,0,-210,-74,4110,41662
1,1,0,-202,-68,4098,41683
1,1,0,-206,-66,4094,41704
1,1,0,-192,-70,4078,41725
1,1,0,-198,-86,4108,41746
1,1,0,-194,-80,4108,41769
1,1,0,-204,-64,4086,41791
1,1,0,-202,-72,4102,41811
1,1,0,-194,-70,4106,41833
1,1,0,-194,-62,4078,41853
1,1,0,-194,-60,4086,41875
1,1,0,-206,-78,4094,41895
1,1,0,-196,-68,4084,41917
1,1,0,-212,-72,4112,41937
1,1,0,-196,-74,4090,41959
1,1,0,-202,-62,4086,41979
1,1,0,-220,-62,4102,42001
1,1,0,-212,-66,4092,42021
1,1,0,-190,-68,4106,42043
1,1,0,-194,-70,4118,42063
1,1,0,-202,-54,4114,42085
1,1,0,-214,-58,4082,42105
1,1,0,-194,-64,4080,42127
1,1,0,-188,-62,4070,42147
1,1,0,-224,-80,4104,42172
1,1,0,-202,-66,4114,42192
1,1,0,-200,-64,4112,42214
1,1,0,-192,-60,4084,42234
1,1,0,-218,-64,4082,42256
1,1,0,-198,-54,4074,42276
1,1,0,-200,-72,4094,42298
1,1,0,-206,-66,4088,42318
1,1,0,-208,-84,4100,42340
1,1,0,-206,-70,4124,42360
1,1,0,-190,-60,4090,42382
1,1,0,-216,-88,4084,42402
1,1,0,-202,-72,4086,42424
1,1,0,-198,-68,4096,42444
1,1,0,-186,-78,4112,42466
1,1,0,-194,-76,4100,42486
1,1,0,-208,-62,4100,42508
1,1,0,-194,-72,4102,42528
1,1,0,-194,-70,4096,42550
1,1,0,-208,-62,4082,42573
1,1,0,-192,-68,4108,42594
1,1,0,-198,-76,4078,42615
1,1,0,-190,-68,4098,42636
1,1,0,-190,-86,4092,42657
1,1,0,-208,-78,4082,42678
1,1,0,-190,-62,4094,42698
1,1,0,-194,-66,4094,42720
1,1,0,-204,-78,4114,42740
1,1,0,-192,-74,4078,42762
1,1,0,-218,-58,4092,42782
1,1,0,-210,-72,4100,42804
1,1,0,-220,-76,4094,42824
1,1,0,-204,-76,4070,42846
1,1,0,-212,-66,4102,42866
1,1,0,-210,-70,4098,42888
1,1,0,-210,-52,4112,42908
1,1,0,-204,-72,4082,42930
1,1,0,-198,-66,4074,42950
1,1,0,-194,-70,4100,42974
1,1,0,-192,-66,4080,42995
1,1,0,-188,-72,4080,43016
1,1,0,-192,-68,4076,43037
1,1,0,-194,-64,4106,43058
1,1,0,-202,-70,4078,43079
1,1,0,-188,-72,4094,43100
1,1,0,-196,-74,4092,43121
1,1,0,-204,-60,4120,43143
1,1,0,-214,-86,4080,43163
1,1,0,-186,-64,4096,43185
1,1,0,-200,-82,4084,43205
1,1,0,-196,-74,4086,43227
1,1,0,-206,-90,4110,43247
1,1,0,-196,-80,4066,43269
1,1,0,-188,-74,4080,43289
1,1,0,-206,-64,4114,43311
1,1,0,-206,-68,4100,43331
1,1,0,-214,-76,4092,43353
1,1,0,-192,-88,4090,43376
1,1,0,-202,-70,4106,43398
1,1,0,-212,-80,4126,43418
1,1,0,-190,-68,4082,43440
1,1,0,-202,-64,4090,43460
1,1,0,-186,-70,4062,43482
1,1,0,-198,-66,4082,43502
1,1,0,-198,-80,4104,43524
1,1,0,-204,-82,4104,43544
1,1,0,-212,-80,4118,43566
1,1,0,-200,-80,4094,43586
1,1,0,-214,-66,4102,43608
1,1,0,-206,-82,4106,43628
1,1,0,-210,-82,4098,43650
1,1,0,-184,-64,4110,43670
1,1,0,-194,-64,4100,43692
1,1,0,-196,-58,4104,43712
1,1,0,-208,-70,4088,43734
1,1,0,-190,-76,4090,43754
1,1,0,-210,-80,4100,43778
1,1,0,-198,-74,4100,43799
1,1,0,-200,-72,4110,43820
1,1,0,-188,-74,4110,43841
1,1,0,-198,-54,4104,43862
1,1,0,-198,-66,4096,43883
1,1,0,-198,-68,4072,43904
1,1,0,-212,-70,4106,43925
1,1,0,-192,-82,4094,43945
1,1,0,-206,-78,4108,43967
1,1,0,-210,-78,4106,43987
1,1,0,-212,-86,4088,44009
1,1,0,-198,-84,4090,44029
1,1,0,-192,-62,4104,44051
1,1,0,-182,-84,4082,44071
1,1,0,-208,-68,4090,44093
1,1,0,-194,-82,4116,44113
1,1,0,-204,-80,4078,44135
1,1,0,-186,-60,4100,44155
1,1,0,-190,-68,4098,44180
1,1,0,-206,-70,4108,44200
1,1,0,-198,-74,4078,44221
1,1,0,-188,-60,4088,44242
1,1,0,-186,-62,4094,44264
1,1,0,-218,-86,4108,44284
1,1,0,-204,-60,4076,44306
1,1,0,-196,-72,4086,44326
1,1,0,-200,-78,4092,44348
1,1,0,-200,-76,4090,44368
1,1,0,-210,-88,4108,44389
1,1,0,-216,-70,4082,44410
1,1,0,-214,-80,4080,44431
1,1,0,-194,-68,4084,44452
1,1,0,-192,-90,4074,44473
1,1,0,-202,-88,4082,44494
1,1,0,-200,-76,4100,44515
1,1,0,-204,-60,4090,44536
1,1,0,-182,-74,4100,44557
1,1,0,-184,-64,4102,44576
1,1,0,-190,-78,4086,44597
1,1,0,-214,-64,4094,44618
1,1,0,-212,-54,4100,44639
1,1,0,-198,-58,4094,44660
1,1,0,-206,-58,4096,44681
1,1,0,-200,-74,4102,44702
1,1,0,-196,-76,4086,44723
1,1,0,-198,-76,4112,44744
1,1,0,-204,-68,4090,44765
1,1,0,-208,-84,4096,44786
1,1,0,-204,-70,4082,44807
1,1,0,-208,-66,4110,44828
1,1,0,-216,-74,4096,44849
1,1,0,-198,-84,4088,44870
1,1,0,-188,-66,4114,44891
1,1,0,-184,-70,4106,44912
1,1,0,-206,-70,4092,44933
1,1,0,-202,-72,4118,44954
1,1,0,-192,-68,4082,44978
1,1,0,-198,-66,4086,44998
1,1,0,-196,-56,4094,45020
1,1,0,-196,-72,4084,45040
1,1,0,-196,-82,4088,45062
1,1,0,-182,-72,4086,45082
1,1,0,-198,-60,4110,45104
1,1,0,-222,-74,4104,45124
1,1,0,-190,-84,4074,45146
1,1,0,-196,-58,4116,45166
1,1,0,-216,-50,4124,45188
1,1,0,-196,-54,4090,45208
1,1,0,-190,-74,4090,45230
1,1,0,-208,-72,4074,45250
1,1,0,-198,-70,4090,45272
1,1,0,-196,-58,4092,45292
1,1,0,-206,-86,4092,45314
1,1,0,-196,-62,4090,45334
1,1,0,-190,-70,4104,45356
1,1,0,-212,-80,4086,45379
1,1,0,-204,-54,4106,45401
1,1,0,-194,-76,4086,45421
1,1,0,-190,-66,4096,45443
1,1,0,-208,-76,4078,45463
1,1,0,-196,-60,4100,45485
1,1,0,-200,-66,4100,45505
1,1,0,-214,-74,4112,45527
1,1,0,-194,-70,4086,45547
1,1,0,-196,-68,4102,45569
1,1,0,-214,-68,4108,45589
1,1,0,-198,-70,4074,45611
1,1,0,-212,-76,4104,45631
1,1,0,-220,-74,4092,45652
1,1,0,-196,-64,4102,45673
1,1,0,-198,-74,4090,45694
1,1,0,-194,-66,4092,45715
1,1,0,-202,-70,4084,45736
1,1,0,-202,-70,4110,45757
1,1,0,-202,-82,4126,45780
1,1,0,-202,-62,4082,45802
1,1,0,-198,-74,4080,45822
1,1,0,-208,-64,4108,45844
1,1,0,-200,-80,4116,45864
1,1,0,-208,-66,4084,45886
1,1,0,-196,-58,4100,45906
1,1,0,-192,-78,4090,45928
1,1,0,-184,-68,4092,45948
1,1,0,-196,-74,4104,45970
1,1,0,-198,-74,4100,45990
1,1,0,-194,-80,4110,46012
1,1,0,-204,-98,4102,46032
1,1,0,-206,-74,4082,46054
1,1,0,-184,-68,4086,46074
1,1,0,-204,-74,4106,46096
1,1,0,-212,-76,4092,46116
1,1,0,-188,-62,4088,46138
1,1,0,-196,-70,4102,46158
1,1,0,-220,-70,4074,46182
1,1,0,-224,-78,4104,46203
1,1,0,-194,-66,4100,46224
1,1,0,-190,-70,4128,46245
1,1,0,-194,-82,4082,46266
1,1,0,-206,-70,4076,46287
1,1,0,-204,-74,4068,46308
1,1,0,-184,-74,4088,46329
1,1,0,-190,-62,4094,46350
1,1,0,-202,-74,4096,46371
1,1,0,-204,-74,4090,46392
1,1,0,-214,-68,4068,46413
1,1,0,-212,-92,4072,46434
1,1,0,-192,-78,4068,46455
1,1,0,-218,-64,4086,46476
1,1,0,-200,-72,4100,46497
1,1,0,-200,-70,4090,46518
1,1,0,-186,-76,4104,46539
1,1,0,-210,-78,4102,46560
1,1,0,-200,-68,4110,46583
1,1,0,-206,-70,4106,46605
1,1,0,-216,-62,4086,46625
1,1,0,-198,-64,4098,46647
1,1,0,-200,-76,4084,46667
1,1,0,-204,-78,4082,46689
1,1,0,-194,-62,4102,46709
1,1,0,-200,-74,4100,46731
1,1,0,-202,-82,4074,46751
1,1,0,-192,-74,4092,46773
1,1,0,-180,-60,4092,46793
1,1,0,-198,-64,4092,46815
1,1,0,-192,-78,4084,46835
1,1,0,-196,-72,4074,46857
1,1,0,-188,-82,4064,46877
1,1,0,-206,-78,4104,46899
1,1,0,-212,-76,4112,46919
1,1,0,-206,-60,4104,46941
1,1,0,-206,-68,4092,46961
1,1,0,-216,-68,4124,46986
1,1,0,-204,-72,4094,47006
1,1,0,-190,-68,4112,47028
1,1,0,-200,-74,4098,47048
1,1,0,-194,-70,4106,47070
1,1,0,-200,-66,4090,47090
1,1,0,-198,-80,4084,47113
1,1,0,-194,-56,4082,47133
1,1,0,-198,-74,4104,47155
1,1,0,-182,-74,4092,47175
1,1,0,-194,-78,4090,47197
1,1,0,-204,-70,4080,47217
1,1,0,-216,-68,4070,47239
1,1,0,-190,-66,4078,47259
1,1,0,-218,-60,4096,47281
1,1,0,-210,-74,4084,47301
1,1,0,-184,-52,4086,47323
1,1,0,-204,-74,4094,47346
1,1,0,-212,-82,4084,47368
1,1,0,-216,-68,4092,47391
1,1,0,-206,-70,4088,47412
1,1,0,-176,-70,4086,47433
1,1,0,-188,-72,4122,47454
1,1,0,-206,-70,4080,47475
1,1,0,-192,-68,4092,47496
1,1,0,-204,-78,4114,47517
1,1,0,-194,-58,4100,47538
1,1,0,-196,-68,4074,47559
1,1,0,-208,-68,4108,47583
1,1,0,-200,-54,4108,47603
1,1,0,-212,-72,4108,47625
1,1,0,-194,-74,4106,47645
1,1,0,-202,-78,4096,47667
1,1,0,-198,-64,4084,47687
1,1,0,-196,-68,4106,47709
1,1,0,-206,-70,4114,47729
1,1,0,-198,-58,4056,47751
1,1,0,-202,-62,4112,47774
1,1,0,-208,-70,4086,47796
1,1,0,-220,-66,4094,47816
1,1,0,-208,-76,4088,47838
1,1,0,-204,-70,4078,47858
1,1,0,-194,-66,4108,47880
1,1,0,-196,-56,4066,47900
4,1,0,-198,-66,4088,47951
4,1,0,-208,-86,4104,48003
4,1,0,-210,-68,4092,48054
4,1,0,-220,-74,4074,48105
4,1,0,-212,-56,4102,48158
4,1,0,-196,-82,4098,48208
4,1,0,-208,-72,4096,48261
4,1,0,-218,-62,4080,48312
4,1,0,-204,-64,4056,48362
4,1,0,-200,-68,4098,48413
4,1,0,-212,-72,4072,48464
4,1,0,-214,-58,4124,48516
4,1,0,-190,-64,4112,48570
4,1,0,-206,-74,4092,48621
4,1,0,-214,-66,4092,48671
4,1,0,-208,-58,4100,48722
4,1,0,-206,-74,4084,48774
4,1,0,-198,-68,4086,48825
4,1,0,-190,-70,4114,48876
4,1,0,-200,-62,4114,48927
4,1,0,-218,-54,4080,48978
4,1,0,-214,-68,4110,49030
4,1,0,-198,-76,4106,49081
4,1,0,-212,-64,4106,49132
4,1,0,-200,-72,4088,49183
4,1,0,-192,-66,4092,49233
4,1,0,-210,-78,4070,49285
4,1,0,-192,-78,4076,49336
4,1,0,-200,-66,4102,49387
4,1,0,-192,-72,4102,49438
4,1,0,-202,-76,4070,49490
4,1,0,-200,-72,4090,49544
4,1,0,-202,-64,4092,49595
4,1,0,-208,-54,4090,49646
4,1,0,-212,-70,4084,49697
4,1,0,-202,-70,4132,49748
4,1,0,-216,-60,4090,49800
4,1,0,-196,-78,4108,49851
4,1,0,-202,-78,4092,49902
4,1,0,-198,-68,4088,49954
4,1,0,-218,-64,4094,50004
4,1,0,-220,-72,4088,50056
4,1,0,-192,-72,4086,50107
4,1,0,-196,-78,4080,50162
4,1,0,-210,-80,4098,50213
4,1,0,-202,-78,4118,50265
4,1,0,-202,-60,4090,50316
4,1,0,-194,-72,4096,50367
4,1,0,-208,-70,4074,50419
4,1,0,-186,-72,4116,50470
4,1,0,-208,-76,4082,50524
4,1,0,-190,-70,4092,50575
4,1,0,-212,-70,4086,50627
4,1,0,-212,-68,4102,50678
4,1,0,-216,-54,4112,50729
4,1,0,-206,-66,4096,50781
4,1,0,-214,-62,4102,50834
4,1,0,-188,-78,4090,50889
4,1,0,-212,-50,4082,50940
4,1,0,-204,-76,4102,50992
4,1,0,-208,-64,4108,51042
4,1,0,-206,-82,4088,51093
4,1,0,-188,-70,4082,51144
4,1,0,-196,-66,4070,51195
4,1,0,-192,-62,4074,51247
4,1,0,-212,-70,4098,51298
4,1,0,-216,-76,4122,51353
4,1,0,-198,-64,4094,51404
4,1,0,-196,-68,4114,51456
4,1,0,-216,-66,4074,51509
4,1,0,-182,-68,4130,51560
4,1,0,-216,-70,4084,51611
4,1,0,-208,-76,4102,51662
4,1,0,-190,-82,4104,51714
4,1,0,-208,-68,4090,51765
4,1,0,-196,-58,4078,51817
4,1,0,-196,-64,4108,51867
4,1,0,-208,-70,4094,51918
4,1,0,-192,-66,4094,51970
4,1,0,-200,-86,4100,52021
4,1,0,-206,-72,4090,52072
4,1,0,-190,-62,4098,52123
4,1,0,-210,-78,4056,52174
4,1,0,-198,-78,4106,52226
4,1,0,-202,-78,4114,52277
4,1,0,-212,-70,4062,52328
4,1,0,-202,-74,4086,52379
4,1,0,-184,-64,4076,52430
4,1,0,-208,-62,4094,52487
4,1,0,-190,-76,4096,52537
4,1,0,-206,-84,4086,52588
4,1,0,-198,-76,4106,52639
4,1,0,-200,-84,4102,52690
4,1,0,-214,-66,4092,52742
4,1,0,-204,-90,4062,52793
4,1,0,-194,-66,4096,52844
4,1,0,-214,-78,4082,52895
4,1,0,-192,-92,4106,52950
4,1,0,-202,-68,4094,53001
4,1,0,-202,-66,4100,53052
4,1,0,-198,-58,4106,53103
4,1,0,-202,-74,4100,53154
4,1,0,-204,-78,4070,53206
4,1,0,-194,-82,4084,53257
4,1,0,-198,-62,4098,53308
4,1,0,-204,-68,4096,53359
4,1,0,-204,-66,4090,53410
4,1,0,-198,-90,4104,53465
4,1,0,-212,-82,4078,53516
4,1,0,-212,-72,4084,53567
4,1,0,-200,-80,4114,53618
4,1,0,-198,-74,4096,53669
4,1,0,-202,-72,4088,53721
4,1,0,-198,-78,4098,53772
4,1,0,-210,-76,4092,53823
4,1,0,-218,-78,4082,53874
4,1,0,-204,-76,4106,53925
4,1,0,-202,-70,4116,53976
4,1,0,-220,-60,4106,54027
4,1,0,-194,-82,4076,54078
4,1,0,-192,-70,4102,54131
4,1,0,-212,-82,4094,54182
4,1,0,-220,-72,4098,54234
4,1,0,-190,-74,4078,54285
4,1,0,-194,-78,4074,54336
4,1,0,-192,-76,4102,54387
4,1,0,-206,-68,4112,54440
4,1,0,-200,-66,4082,54492
4,1,0,-194,-58,4100,54543
4,1,0,-220,-62,4094,54595
4,1,0,-200,-84,4072,54646
4,1,0,-210,-72,4080,54697
4,1,0,-200,-74,4080,54749
4,1,0,-212,-58,4126,54800
4,1,0,-196,-64,4096,54851
4,1,0,-204,-94,4068,54901
4,1,0,-202,-84,4110,54952
4,1,0,-190,-8,4056,55004
4,1,0,-186,-88,4070,55055
4,1,0,-184,-50,4040,55112
4,1,0,-234,-92,4122,55163
4,1,0,-210,-62,4104,55215
4,1,0,-212,-50,4120,55266
4,1,0,-206,-48,4130,55317
4,1,0,-218,-84,4064,55367
4,1,0,-200,-84,4094,55421
4,1,0,-202,-72,4108,55473
4,1,0,-192,-74,4084,55524
4,1,0,-222,-88,4092,55579
4,1,0,-234,-94,4194,55629
4,1,0,-216,-84,4144,55681
4,1,0,-228,-108,4092,55732
4,1,0,-212,-82,4098,55783
4,1,0,-204,-92,4094,55834
4,1,0,-196,-84,4084,55885
4,1,0,-206,-82,4088,55937
